P19062	      3.18      20.00      20.00
P16294	      3.13      18.00      17.00
P19207	      3.10      16.00      15.00
P16197	      3.06      16.00      16.00
P2341	      3.05      15.00      19.00
P3463	      2.97       6.00      15.00
P18830	      2.89      15.00      13.00
P13134	      2.87       3.00      15.00
P17829	      2.87      20.00      22.00
P8754	      2.87       1.00      17.00
P901	      2.87      10.00      20.00
P14469	      2.79       7.00      14.00
P374	      2.77      13.00      20.00
P16943	      2.74      10.00      16.00
P654	      2.72       9.00      16.00
P11340	      2.72      15.00      13.00
P16885	      2.70      10.00      15.00
P19360	      2.69       6.00      22.00
P171	      2.68      20.00      13.00
P10967	      2.66      12.00      12.00
P16616	      2.66      11.00      15.00
P8115	      2.65      19.00      15.00
P1200	      2.65      18.00      10.00
P9134	      2.63       2.00      19.00
P6229	      2.63      11.00      21.00
P1974	      2.63       1.00      15.00
P9628	      2.61       4.00      16.00
P14220	      2.61      17.00      12.00
P12790	      2.59       7.00      19.00
P3163	      2.59      14.00      11.00
P2474	      2.57      10.00      19.00
P18589	      2.56       3.00      15.00
P19034	      2.54       3.00      18.00
P7828	      2.54      19.00      16.00
P18912	      2.54      13.00      13.00
P17507	      2.53       8.00      21.00
P12251	      2.53      15.00      10.00
P7800	      2.53      10.00      11.00
P13260	      2.52      18.00      25.00
P13624	      2.51       3.00      24.00
P7688	      2.51      11.00      13.00
P933	      2.50      12.00      16.00
P3207	      2.49      14.00      19.00
P4741	      2.48       2.00      14.00
P3532	      2.48      14.00      15.00
P7790	      2.48      12.00      16.00
P14665	      2.47      19.00      18.00
P4462	      2.47      11.00      20.00
P11791	      2.45       3.00      14.00
P18514	      2.45      20.00      17.00
P7753	      2.45      19.00      17.00
P14416	      2.44       8.00      17.00
P2466	      2.44      11.00      16.00
P2283	      2.43       9.00      20.00
P2759	      2.43       3.00       6.00
P7370	      2.43      13.00      15.00
P3175	      2.43      11.00      11.00
P16486	      2.42       3.00      19.00
P14064	      2.42      15.00      14.00
P16192	      2.42       1.00      14.00
P3451	      2.41       5.00      18.00
P18881	      2.41      16.00      14.00
P18316	      2.41      13.00      17.00
P14849	      2.41       1.00      17.00
P16043	      2.40       9.00      16.00
P3578	      2.40       8.00      13.00
P1932	      2.40       4.00      14.00
P3644	      2.40       4.00      10.00
P2235	      2.39       4.00      19.00
P18775	      2.38       5.00      21.00
P15844	      2.37       6.00      17.00
P14497	      2.37       3.00      15.00
P4478	      2.36       6.00      16.00
P11209	      2.36      19.00      12.00
P8995	      2.36      14.00      14.00
P17818	      2.35       5.00      14.00
P8686	      2.35      18.00      14.00
P5009	      2.35      13.00      18.00
P7190	      2.35       1.00      10.00
P12753	      2.34      20.00      12.00
P14709	      2.34      17.00      14.00
P11465	      2.34      12.00      19.00
P10979	      2.33       7.00      19.00
P8464	      2.33      20.00      12.00
P10996	      2.33      17.00      19.00
P14101	      2.33      17.00      16.00
P172	      2.32       2.00      18.00
P4915	      2.32      15.00      13.00
P153	      2.32       1.00      14.00
P16166	      2.32       1.00      13.00
P633	      2.31       4.00      17.00
P15473	      2.31      19.00      15.00
P9133	      2.31      16.00      19.00
P15607	      2.31      16.00      18.00
P7625	      2.31      15.00      13.00
P3986	      2.31      11.00      21.00
P2266	      2.30       8.00      13.00
P796	      2.30       6.00      22.00
P18962	      2.30      18.00      14.00
P6104	      2.30      18.00      11.00
P7856	      2.30      13.00      14.00
P546	      2.29      17.00      20.00
P17549	      2.29      15.00      13.00
P4114	      2.29      13.00      14.00
P9718	      2.28       9.00      21.00
P18451	      2.28       8.00      17.00
P13543	      2.28       6.00      19.00
P19209	      2.28      12.00      13.00
P3933	      2.27       9.00      18.00
P12770	      2.27      20.00      16.00
P12971	      2.27      12.00      15.00
P12412	      2.26      18.00      14.00
P2522	      2.26      11.00      15.00
P3417	      2.25       5.00      16.00
P12758	      2.25      18.00      15.00
P4671	      2.25      12.00      15.00
P12792	      2.25       1.00      17.00
P13424	      2.24       4.00      15.00
P5158	      2.24      20.00      16.00
P13682	      2.24      20.00      16.00
P16067	      2.24      16.00      11.00
P16578	      2.24      10.00      15.00
P19622	      2.23      17.00      20.00
P15438	      2.23      16.00      15.00
P17834	      2.23      12.00      16.00
P9623	      2.23       1.00      22.00
P10658	      2.23       1.00      15.00
P10354	      2.22       9.00      19.00
P15681	      2.22      19.00      14.00
P17136	      2.22      17.00      13.00
P1300	      2.22      15.00      23.00
P18024	      2.21       7.00      15.00
P5563	      2.21       3.00      17.00
P6539	      2.21       3.00      12.00
P14706	      2.21      18.00      18.00
P7023	      2.21      15.00      14.00
P801	      2.21      12.00      19.00
P19790	      2.21      12.00      16.00
P15757	      2.20       8.00      15.00
P4302	      2.20       7.00      10.00
P16776	      2.20       2.00      14.00
P18163	      2.20      17.00      13.00
P19077	      2.20      17.00      12.00
P2946	      2.20       1.00      17.00
P9804	      2.20      10.00      17.00
P11549	      2.19       6.00      19.00
P5792	      2.19       6.00      17.00
P8497	      2.19      20.00      13.00
P10696	      2.19      17.00      16.00
P15430	      2.19      17.00      13.00
P18779	      2.19      13.00      11.00
P17825	      2.19      11.00      16.00
P12174	      2.18       8.00      20.00
P12584	      2.18       7.00      11.00
P11843	      2.18       6.00      14.00
P15637	      2.18       6.00      11.00
P8847	      2.18      20.00       8.00
P8258	      2.18      11.00      14.00
P2141	      2.17       7.00      21.00
P9067	      2.17       5.00      16.00
P17756	      2.17      20.00      16.00
P19967	      2.17      17.00      15.00
P194	      2.17      15.00      14.00
P18905	      2.17      13.00      18.00
P17499	      2.17      10.00      14.00
P12668	      2.16       9.00      12.00
P1850	      2.16       8.00      13.00
P1216	      2.16       7.00      13.00
P262	      2.16       6.00      12.00
P9116	      2.16       3.00      10.00
P13601	      2.16       2.00      15.00
P8480	      2.16      15.00      16.00
P1599	      2.16      15.00      11.00
P19485	      2.16      10.00      10.00
P14540	      2.15       3.00      10.00
P4829	      2.15      17.00      14.00
P17133	      2.15      16.00      15.00
P5776	      2.15      15.00      25.00
P16912	      2.15      10.00      15.00
P18098	      2.14       5.00      16.00
P3493	      2.14       2.00       9.00
P3991	      2.13       2.00      15.00
P9675	      2.12       9.00      14.00
P6589	      2.12       4.00      17.00
P12660	      2.12       2.00      11.00
P5207	      2.12      19.00      14.00
P3509	      2.12      12.00      14.00
P1210	      2.12      11.00      11.00
P11868	      2.11       5.00      11.00
P11024	      2.11      17.00      12.00
P2129	      2.11      13.00      14.00
P11666	      2.10       4.00      13.00
P17624	      2.10      17.00      13.00
P13516	      2.10      17.00      12.00
P8697	      2.10      14.00      20.00
P6574	      2.10       1.00      14.00
P7610	      2.09       8.00      16.00
P11167	      2.09       7.00      16.00
P2209	      2.09       3.00      16.00
P10860	      2.09       2.00      16.00
P18607	      2.09      18.00      14.00
P11619	      2.09      12.00      11.00
P14913	      2.08       9.00      18.00
P11319	      2.08      14.00      18.00
P19831	      2.08      12.00      13.00
P6552	      2.08      11.00      19.00
P11096	      2.07       5.00      10.00
P9884	      2.07       3.00      16.00
P2989	      2.07       3.00      14.00
P6974	      2.07       2.00      16.00
P19014	      2.07      19.00      19.00
P16613	      2.07      17.00      17.00
P684	      2.07      17.00      16.00
P8088	      2.07      16.00      15.00
P17066	      2.07      16.00      11.00
P11343	      2.07      16.00      11.00
P4410	      2.07      16.00      10.00
P7092	      2.07      14.00      23.00
P7886	      2.07      14.00      12.00
P11188	      2.07      12.00      20.00
P939	      2.07      12.00      19.00
P9309	      2.07       1.00      14.00
P11514	      2.07       1.00      13.00
P15341	      2.06       9.00      16.00
P10614	      2.06       4.00      17.00
P3008	      2.06       2.00      19.00
P125	      2.06       2.00      15.00
P15476	      2.06      20.00      12.00
P15804	      2.06      18.00      16.00
P12239	      2.06      18.00      14.00
P6141	      2.06      14.00      14.00
P3023	      2.06      14.00      11.00
P14828	      2.06      13.00      12.00
P16703	      2.06      12.00      19.00
P10868	      2.06      11.00      21.00
P5043	      2.05       8.00      15.00
P322	      2.05       5.00      12.00
P5934	      2.05       4.00      18.00
P9249	      2.05       4.00      15.00
P8067	      2.05      16.00      13.00
P16398	      2.05      15.00      17.00
P18906	      2.05      10.00      17.00
P11396	      2.05      10.00      16.00
P12252	      2.04       9.00      13.00
P9711	      2.04       8.00      11.00
P2829	      2.04       7.00      15.00
P6960	      2.04       6.00      13.00
P18917	      2.04       4.00      15.00
P430	      2.04       3.00      18.00
P17394	      2.04       2.00      18.00
P14471	      2.04      20.00      15.00
P1609	      2.04      20.00      12.00
P1002	      2.04      20.00      10.00
P2859	      2.04      19.00      16.00
P17171	      2.04      18.00      19.00
P16159	      2.04      12.00      15.00
P8918	      2.04       1.00      15.00
P1134	      2.03       9.00      16.00
P16953	      2.03       8.00      14.00
P7044	      2.03       6.00      15.00
P16570	      2.03      19.00      15.00
P8846	      2.03      18.00      17.00
P3255	      2.03      18.00      15.00
P3605	      2.03      17.00      14.00
P6794	      2.03      14.00      18.00
P5812	      2.03      13.00      14.00
P3115	      2.02       7.00      14.00
P10401	      2.02       2.00      11.00
P469	      2.02      20.00       7.00
P12420	      2.02      14.00      15.00
P7660	      2.02      13.00      20.00
P9678	      2.02      12.00      16.00
P19991	      2.02      12.00      15.00
P3692	      2.02      11.00      17.00
P9881	      2.02      11.00      12.00
P17107	      2.02       1.00      14.00
P1875	      2.01       8.00      12.00
P814	      2.01       7.00      10.00
P16454	      2.01       6.00      12.00
P18343	      2.01       5.00      18.00
P18866	      2.01       3.00      14.00
P10233	      2.01       2.00      17.00
P11840	      2.01       2.00      15.00
P1071	      2.01      14.00      14.00
P9895	      2.01      14.00      12.00
P16478	      2.01      13.00      21.00
P5385	      2.01      12.00      13.00
P19568	      2.01      11.00      16.00
P8919	      2.01       1.00      11.00
P18456	      2.01      10.00      17.00
P4505	      2.00       9.00      10.00
P12556	      2.00       5.00      20.00
P3033	      2.00       5.00      10.00
P17813	      2.00       4.00      20.00
P13509	      2.00       3.00      17.00
P3418	      2.00      17.00      19.00
P11783	      2.00      17.00      15.00
P17740	      2.00      15.00      13.00
P14576	      2.00      14.00      14.00
P17892	      2.00      13.00      17.00
P4255	      2.00      13.00      10.00
P19897	      2.00       1.00      15.00
P18638	      1.99       9.00      16.00
P6564	      1.99       9.00      12.00
P19498	      1.99       8.00      11.00
P17556	      1.99       6.00      13.00
P2746	      1.99       4.00      14.00
P140	      1.99       3.00      21.00
P6375	      1.99       2.00      15.00
P18511	      1.99       2.00      14.00
P14842	      1.99      19.00      13.00
P17471	      1.99      17.00      21.00
P2222	      1.99      17.00      13.00
P8386	      1.99      16.00      22.00
P16683	      1.99      13.00      12.00
P18280	      1.99      12.00       9.00
P6192	      1.99       1.00      21.00
P16932	      1.98       9.00      13.00
P7217	      1.98       5.00      19.00
P8596	      1.98      20.00      18.00
P741	      1.98      20.00      15.00
P6426	      1.98      20.00      11.00
P1171	      1.98      18.00      15.00
P2845	      1.98      18.00      10.00
P5732	      1.98      16.00      20.00
P4332	      1.98      16.00      16.00
P2921	      1.98      15.00      21.00
P16241	      1.98      15.00      13.00
P17532	      1.98      14.00      14.00
P255	      1.98      12.00      13.00
P2672	      1.98      11.00      21.00
P9869	      1.98       1.00      17.00
P296	      1.97       8.00      13.00
P12949	      1.97       8.00      11.00
P9897	      1.97       7.00      14.00
P6587	      1.97       3.00      15.00
P3957	      1.97      20.00      12.00
P7102	      1.97      17.00      17.00
P19543	      1.97      17.00      14.00
P5144	      1.97      17.00      13.00
P10528	      1.97      17.00      11.00
P10341	      1.97      17.00      10.00
P13881	      1.97      16.00      12.00
P6442	      1.97      15.00      15.00
P7915	      1.97      14.00      16.00
P10856	      1.97      13.00      17.00
P9189	      1.97       1.00      21.00
P15696	      1.97      10.00      22.00
P12990	      1.97      10.00      13.00
P14084	      1.96       8.00      15.00
P18857	      1.96       8.00      13.00
P13831	      1.96       7.00      19.00
P19203	      1.96       5.00      14.00
P17603	      1.96       5.00      11.00
P19210	      1.96       5.00      10.00
P8656	      1.96       3.00      16.00
P2091	      1.96       2.00       8.00
P4233	      1.96       2.00      15.00
P16561	      1.96       2.00      12.00
P18532	      1.96      16.00      13.00
P2941	      1.96      15.00      17.00
P15771	      1.95       9.00      14.00
P5047	      1.95       8.00      10.00
P7441	      1.95       7.00      13.00
P9666	      1.95       6.00      15.00
P13418	      1.95       5.00      12.00
P10504	      1.95       4.00      12.00
P12064	      1.95      19.00      14.00
P7152	      1.95      18.00      15.00
P6342	      1.95      18.00      14.00
P8689	      1.95      14.00      15.00
P10443	      1.95      12.00      15.00
P8751	      1.95      11.00      13.00
P17776	      1.95       1.00      16.00
P8166	      1.94       5.00      14.00
P12196	      1.94      17.00      17.00
P12063	      1.94      15.00      15.00
P9743	      1.94      14.00      18.00
P18294	      1.94      11.00      18.00
P3940	      1.94      11.00      16.00
P3027	      1.94      11.00      13.00
P17402	      1.93       5.00       9.00
P4374	      1.93      13.00      10.00
P14535	      1.93      11.00      19.00
P17057	      1.93      11.00      12.00
P17274	      1.93      10.00      15.00
P19735	      1.92       7.00       9.00
P19840	      1.92       7.00      21.00
P5399	      1.92       7.00      19.00
P7799	      1.92       7.00      16.00
P6045	      1.92       7.00      13.00
P7608	      1.92       6.00      13.00
P15060	      1.92       5.00      12.00
P9649	      1.92       4.00      15.00
P1871	      1.92       4.00      10.00
P1830	      1.92       3.00      16.00
P4521	      1.92      20.00      15.00
P11891	      1.92      19.00      13.00
P10500	      1.92      18.00      21.00
P823	      1.92      17.00      10.00
P1	      1.92      15.00      17.00
P12787	      1.92      11.00      18.00
P19631	      1.92      11.00      15.00
P18493	      1.92       1.00      16.00
P18612	      1.91       9.00      19.00
P12332	      1.91       9.00      14.00
P1873	      1.91       7.00      14.00
P7609	      1.91       7.00      12.00
P4055	      1.91       6.00      20.00
P14092	      1.91       4.00      14.00
P6405	      1.91       4.00      13.00
P19791	      1.91       3.00      14.00
P8730	      1.91      20.00      13.00
P5550	      1.91      20.00      12.00
P18519	      1.91      19.00      14.00
P1945	      1.91      18.00      21.00
P2120	      1.91      15.00      14.00
P8150	      1.91      14.00      18.00
P14048	      1.91      13.00      19.00
P2697	      1.91      13.00      15.00
P13785	      1.91      13.00      13.00
P17211	      1.91      12.00      11.00
P9082	      1.91       1.00      10.00
P5361	      1.91       1.00      10.00
P4272	      1.91      10.00      14.00
P3734	      1.90       8.00      17.00
P9524	      1.90       7.00      12.00
P4359	      1.90       7.00      12.00
P5954	      1.90       3.00      18.00
P1253	      1.90       2.00      10.00
P11107	      1.90      20.00      11.00
P2014	      1.90      15.00      17.00
P11959	      1.90      14.00      15.00
P18111	      1.90      13.00      14.00
P4054	      1.90      11.00      20.00
P18123	      1.90      11.00      10.00
P3040	      1.90       1.00      16.00
P19076	      1.90       1.00      16.00
P6566	      1.89       9.00      13.00
P6323	      1.89       8.00      13.00
P2347	      1.89       7.00      15.00
P5765	      1.89       7.00      14.00
P9163	      1.89       7.00      13.00
P19104	      1.89       5.00      15.00
P1292	      1.89       3.00      18.00
P19282	      1.89       3.00      12.00
P1611	      1.89       2.00      11.00
P4868	      1.89       2.00      10.00
P15738	      1.89      18.00      18.00
P10977	      1.89      18.00      12.00
P16046	      1.89      17.00      13.00
P13539	      1.89      16.00      16.00
P16522	      1.89      13.00      14.00
P915	      1.89      12.00      23.00
P8865	      1.89      12.00      19.00
P10885	      1.89      11.00       9.00
P12798	      1.89      11.00      14.00
P9496	      1.89       1.00      21.00
P10508	      1.89       1.00      15.00
P4153	      1.89      10.00      19.00
P13268	      1.88       8.00       9.00
P12171	      1.88       7.00      12.00
P3756	      1.88       6.00      19.00
P10370	      1.88       3.00      12.00
P11455	      1.88      19.00      13.00
P9725	      1.88      19.00      12.00
P1616	      1.88      18.00      12.00
P11127	      1.88      16.00      11.00
P19455	      1.88      15.00      17.00
P8650	      1.88      13.00      16.00
P17700	      1.88      12.00      17.00
P12155	      1.88      11.00      14.00
P10851	      1.88       1.00      21.00
P17817	      1.88      10.00      13.00
P8406	      1.87       9.00      20.00
P15019	      1.87       9.00      12.00
P13331	      1.87       8.00      22.00
P7195	      1.87       6.00      19.00
P11847	      1.87       6.00      18.00
P3577	      1.87       6.00      17.00
P12323	      1.87       5.00       9.00
P6120	      1.87       4.00      17.00
P11419	      1.87       4.00      11.00
P2028	      1.87       3.00      13.00
P17157	      1.87      19.00      11.00
P6066	      1.87      17.00      13.00
P5181	      1.87      16.00      14.00
P3298	      1.87      15.00      18.00
P13068	      1.87      15.00      12.00
P7030	      1.87      14.00      16.00
P8814	      1.87      14.00      15.00
P882	      1.87      12.00      15.00
P18383	      1.87      12.00      10.00
P19841	      1.87      11.00      18.00
P16129	      1.87      11.00      14.00
P4228	      1.87      11.00      13.00
P9103	      1.87      11.00      10.00
P19547	      1.87      10.00      16.00
P16897	      1.86       9.00      18.00
P5284	      1.86       9.00      12.00
